	A103		A115		A120		C1		C6		C105		C125		D4		D10		D106		D114		D119		D125	
ALL1	244	246	285	292	224	224	335	339	218	218	274	315	272	276	251	254	201	201	264	280	240	244	298	318	256	281
ALL10	244	261	292	301	230	280	314	335	218	226	280	298	241	249	273	289	201	201	291	291	232	244	298	327	274	281
ALL11	244	253	287	303	226	276	327	366	226	226	262	274	268	296	281	281	201	201	272	280	249	253	275	291	264	281
ALL12	242	244	285	305	224	232	331	339	204	226	265	280	257	272	251	270	201	201	272	298	224	240	298	298	256	260
ALL13	240	269	292	305	224	224	323	362	209	213	262	272	261	276	273	297	201	201	272	280	240	253	287	310	264	281
ALL14	244	244	292	303	224	276	310	318	204	213	272	315	261	272	273	281	201	201	260	260	240	244	294	294	256	271
ALL15	242	242	285	305	224	276	382	382	213	213	269	289	268	272	273	289	201	201	256	294	240	244	302	327	256	260
ALL16	244	251	287	308	230	276	358	370	204	218	258	298	261	272	207	277	201	201	272	280	244	253	302	306	260	264
ALL17	253	268	295	301	238	276	310	323	192	218	272	315	257	272	273	273	201	201	280	280	253	257	298	310	256	260
ALL18	244	244	285	292	224	230	0	0	204	218	272	272	253	276	297	317	201	201	260	276	240	244	302	327	264	274
ALL19	242	255	301	305	224	226	323	362	204	218	262	272	268	276	273	289	201	201	256	256	244	244	287	302	256	264
ALL2	242	242	295	301	224	224	347	382	209	226	251	269	261	276	251	285	201	201	260	264	240	244	302	302	256	278
ALL20	255	261	285	292	224	224	323	382	204	226	276	280	264	272	273	289	201	201	272	272	244	253	287	310	271	274
ALL21	244	257	289	301	230	276	339	382	204	204	258	274	253	264	207	254	201	201	280	298	261	261	294	327	267	267
ALL22	244	263	285	287	244	280	318	323	204	226	265	274	257	261	247	254	201	201	272	291	244	244	298	302	264	278
ALL3	242	242	285	301	224	230	331	366	218	226	254	298	261	261	259	281	201	201	260	284	244	253	298	306	256	264
ALL4	242	253	285	287	224	280	339	362	213	226	280	298	241	276	277	317	201	201	287	298	244	244	327	327	274	281
ALL5	242	259	285	292	224	224	318	382	204	226	269	274	257	272	254	273	201	201	280	287	244	253	291	302	271	281
ALL6	242	269	292	295	224	224	339	366	192	213	272	272	253	276	263	273	201	201	280	280	224	240	287	302	264	278
ALL7	242	242	292	297	224	226	339	339	196	213	272	272	253	268	247	281	201	201	291	291	240	244	287	298	274	278
ALL8	253	259	292	305	228	246	323	366	204	213	249	274	257	276	273	273	201	201	272	280	244	244	294	302	264	281
ALL9	244	259	287	308	226	228	339	374	213	213	287	293	241	276	251	273	201	201	272	280	236	244	302	306	274	281
TIPP1	242	259	285	305	214	224	331	358	226	239	272	295	253	272	238	321	201	201	272	287	224	249	302	318	278	278
TIPP10	232	259	289	301	242	268	374	402	213	235	263	272	241	253	270	285	201	201	272	287	253	257	287	291	260	267
TIPP11	249	259	295	303	224	224	343	355	209	213	269	295	253	261	285	334	194	201	284	318	244	253	298	302	245	256
TIPP12	244	246	303	305	224	226	327	370	192	213	254	269	253	253	273	289	201	201	260	287	224	232	283	310	274	278
TIPP13	244	244	299	312	224	224	327	331	209	226	276	293	249	272	281	293	201	201	260	280	244	244	298	306	245	285
TIPP14	244	251	289	299	232	244	310	343	192	218	254	258	232	264	247	338	201	201	276	276	244	264	294	302	245	271
TIPP15	242	259	292	299	226	265	310	327	200	218	251	269	253	261	247	273	201	201	284	294	240	244	294	306	245	249
TIPP16	253	255	292	303	214	226	297	323	218	226	265	295	264	268	254	270	201	201	254	254	228	244	302	302	267	274
TIPP17	267	269	0	0	0	0	0	0	204	226	0	0	0	0	0	0	197	197	260	280	244	244	302	310	0	0
TIPP18	242	261	295	301	224	247	286	366	209	226	269	298	264	264	309	321	201	201	252	260	240	244	287	291	249	267
TIPP19	249	251	301	329	228	256	305	339	213	222	269	313	253	257	263	281	201	201	287	291	240	244	291	294	245	264
TIPP2	244	253	285	308	243	249	327	347	209	218	263	265	249	264	277	321	201	228	276	310	228	244	287	310	260	274
TIPP3	255	261	310	310	243	268	323	339	213	243	267	272	253	268	247	273	201	201	260	268	249	264	298	298	256	264
TIPP4	242	251	303	310	224	224	351	374	213	218	291	306	257	276	270	281	201	201	272	272	240	249	287	302	260	267
TIPP5	242	251	301	310	214	226	305	339	209	222	283	300	261	264	259	309	201	201	260	280	249	253	287	294	260	260
TIPP6	242	251	301	301	224	243	289	374	209	235	269	295	253	268	247	317	194	201	272	272	244	257	291	302	267	278
TIPP7	238	242	285	301	214	228	331	339	209	218	251	263	257	268	266	285	201	237	287	291	232	244	298	302	252	274
TIPP8	238	242	295	314	226	276	335	339	209	226	254	265	253	276	277	313	201	201	284	291	232	249	302	306	245	249
TIPP9	240	253	295	318	224	226	355	374	209	218	269	313	272	280	224	259	201	201	276	298	236	240	306	306	260	264
TN1	242	253	301	301	224	230	297	366	204	218	287	300	261	272	289	293	197	197	294	302	228	236	302	318	264	274
TN2	238	249	289	303	226	228	358	378	218	243	293	293	253	272	277	321	197	201	272	276	236	244	302	314	245	293
TN3	251	251	297	316	226	226	275	347	209	222	262	280	264	268	285	309	197	197	291	294	240	249	302	314	271	293
TN4	238	242	287	289	226	230	310	335	204	222	262	283	261	264	266	277	197	197	248	284	224	253	302	310	245	267
TN5	249	253	301	301	224	230	310	358	218	239	280	283	249	253	270	297	197	197	284	294	244	244	294	310	252	271
TN6	240	240	292	299	226	226	310	386	188	230	272	276	268	276	281	297	197	197	298	302	236	236	291	310	241	260
TN7	234	255	292	312	224	228	305	374	204	209	269	272	245	257	297	301	197	197	272	291	228	232	294	318	245	274
TN8	234	249	301	318	226	238	289	331	209	213	265	298	257	292	277	313	197	197	284	302	224	240	306	310	245	245
