Title line:""
A103
A115
A120
C1
C6
C105
C125
D4
D10
D106
D114
D119
D125
Pop
   ALL, 0809 0205 0909 1415 0909 1329 1314 1112 0303 0711 0708 0611 0512
   ALL, 0816 0509 1233 0914 0911 1522 0507 1927 0303 1414 0508 0613 1012
   ALL, 0812 0310 1032 1222 1111 0713 1218 2323 0303 0911 0910 0104 0712
   ALL, 0708 0211 0913 1315 0611 0915 0913 1118 0303 0916 0307 0606 0506
   ALL, 0621 0511 0909 1121 0708 0712 1014 1930 0303 0911 0710 0309 0712
   ALL, 0808 0510 0932 0810 0608 1229 1013 1923 0303 0606 0708 0505 0509
   ALL, 0707 0211 0932 2626 0808 1118 1213 1927 0303 0515 0708 0713 0506
   ALL, 0811 0312 1232 2023 0609 0622 1013 0121 0303 0911 0810 0708 0607
   ALL, 1220 0609 1532 0811 0309 1229 0913 1919 0303 1111 1012 0609 0506
   ALL, 0808 0205 0912 0000 0609 1212 0814 3039 0303 0610 0708 0713 0710
   ALL, 0713 0911 0910 1121 0609 0712 1214 1927 0303 0505 0808 0307 0507
   ALL, 0707 0609 0909 1726 0711 0411 1014 1125 0303 0607 0708 0707 0511
   ALL, 1316 0205 0909 1126 0611 1415 1113 1927 0303 0909 0810 0309 0910
   ALL, 0814 0409 1232 1526 0606 0613 0811 0112 0303 1116 1313 0513 0808
   ALL, 0817 0203 1833 1011 0611 0913 0910 0912 0303 0914 0808 0607 0711
   ALL, 0707 0209 0912 1322 0911 0522 1010 1423 0303 0612 0810 0608 0507
   ALL, 0712 0203 0933 1521 0811 1522 0514 2139 0303 1316 0808 1313 1012
   ALL, 0715 0205 0909 1026 0611 1113 0913 1219 0303 1113 0810 0407 0912
   ALL, 0721 0506 0909 1522 0308 1212 0814 1619 0303 1111 0307 0307 0711
   ALL, 0707 0507 0910 1515 0408 1212 0812 0923 0303 1414 0708 0306 1011
   ALL, 1215 0511 1119 1122 0608 0313 0914 1919 0303 0911 0808 0507 0712
   ALL, 0815 0312 1011 1524 0808 1720 0514 1119 0303 0911 0608 0708 1012
Pop
  CHIP, 0811 0509 1011 0000 0809 1631 0811 3142 0304 1416 1012 0711 0203
  CHIP, 1415 1010 0910 1114 0810 1621 0711 3030 0408 0713 0708 0708 0202
  CHIP, 0714 0809 0824 0909 0910 1629 0708 1643 0309 1414 0808 0607 0707
  CHIP, 0611 0508 1020 1522 1010 1516 0710 3139 0808 0717 0810 0606 0711
  CHIP, 1014 0508 0511 1520 0909 2831 0507 3943 0808 0515 0808 0607 0103
  CHIP, 0210 1313 0515 1414 0808 1416 0709 0330 0308 0711 0708 0913 1111
  CHIP, 0709 0210 1010 1414 0811 1922 0707 3030 0308 1212 0808 0307 0410
  CHIP, 0107 0513 0508 1214 0711 1217 0708 2930 0303 0909 0608 0708 0101
  CHIP, 0711 1021 1010 1414 1010 2126 0711 3045 0103 1215 0808 0813 0710
  CHIP, 1516 0913 0510 1015 0809 1929 0711 4346 0103 1013 0707 0307 0809
  CHIP, 1113 0208 0609 1313 1011 1526 0711 3145 0108 1214 0809 0709 0305
  CHIP, 0811 0813 0810 0912 0810 1622 0707 3136 0708 0606 0809 0811 0306
  CHIP, 0115 0910 0510 0913 0709 1516 0707 3639 0304 0000 0708 0808 0210
  CHIP, 1115 0508 0910 0513 0709 1629 0307 1940 0304 1215 0809 0713 0305
  CHIP, 0915 0809 1026 1015 0811 1516 0711 3133 0308 0611 0709 0709 0303
  CHIP, 0211 0505 0909 1112 0810 1517 0508 0434 0308 0711 0708 0911 0511
  CHIP, 0911 0000 0505 1020 1011 1516 0000 0000 0408 0000 1015 0713 0000
  CHIP, 0614 0000 1011 1523 0810 1219 0000 0227 0304 0510 0808 0607 0612
  CHIP, 0115 0813 0524 1524 0910 1624 0709 1723 0303 1414 0808 0607 0607
  CHIP, 0617 0222 0510 1215 0911 1616 0710 1934 0308 1016 0709 0808 0710
  CHIP, 0612 0810 0810 0921 0810 1616 0506 0316 0408 1014 0808 0413 0507
Pop
   MER, 1315 0509 0606 0000 0909 1517 0811 2125 0810 0711 0910 0710 1011
   MER, 0305 0607 0204 3334 0101 0102 0000 2348 0303 0508 1111 1414 0912
   MER, 0309 0607 0104 3235 0101 1629 0214 3443 0303 0101 1113 0506 1014
   MER, 0304 0707 0120 0609 0101 0000 0000 3041 0303 0101 1111 1015 1315
   MER, 0809 0510 0608 0516 1012 2121 0707 2134 0808 1010 0812 0609 0105
   MER, 0713 0823 0610 1324 0707 1619 0912 2531 0810 0615 0708 0608 1216
   MER, 0917 0508 2428 0407 0810 1617 0708 2339 0707 1115 0609 0811 0812
   MER, 1217 0108 0527 1617 0909 1214 0409 2727 0811 0611 0409 0809 0608
   MER, 1115 0512 0923 0202 0809 1621 0711 2534 0709 0610 0707 0808 0305
   MER, 0817 0810 0911 0617 1111 1922 0311 1921 0408 0711 0606 0310 0211
   MER, 0511 0210 0610 0407 0716 1517 0708 3136 0810 0615 0106 0710 0508
   MER, 1113 0509 0813 0710 1013 1522 0911 2325 0809 0610 0709 0708 0909
   MER, 0710 0205 0610 0818 0810 1417 0809 1140 1010 0000 0509 0608 0209
   MER, 0816 0305 1113 1924 0809 1516 0707 3133 0809 0915 0508 0607 1011
   MER, 0810 0911 0610 0915 1111 1616 0509 3340 0808 1015 0713 0809 0208
   MER, 1010 0206 0607 0922 1011 1624 0707 2727 0808 0611 0910 0606 0808
   MER, 0607 0909 0613 1019 0811 1619 0708 1818 0810 1010 0507 0607 0608
   MER, 1019 0509 0620 0509 0710 1719 0708 2342 0708 1115 0809 0309 0313
   MER, 1011 1224 1011 0931 0910 1621 0608 2533 0808 0613 0708 0709 0000
   MER, 0818 0810 0506 0406 0813 2224 0809 2527 0709 1115 0909 0307 0507
   MER, 0316 0508 0610 1117 0909 1725 0409 3640 0708 0512 0607 0607 0511
   MER, 0710 0507 0911 0708 1011 1724 0712 2534 0809 1011 0507 0707 0208
   MER, 1011 0105 1010 0619 0910 1717 0712 2525 0809 1212 0910 0609 0309
   MER, 0722 0505 1011 0000 0000 1516 0712 2339 0708 1315 0810 0708 0506
   MER, 1014 0205 0610 0000 1212 1724 1111 0000 0708 1116 0909 0608 0505
   MER, 1414 0000 0513 0931 0810 2323 0000 2730 0810 0000 0812 0000 0102
   MER, 0919 0509 1322 1825 1010 1621 0909 3636 0709 0511 0910 0607 0608
   MER, 1117 0505 0618 0000 0909 1621 0608 2334 0809 0000 0810 0000 0000
   MER, 1116 0202 0613 1215 1010 1519 0707 3641 0708 0612 0707 0712 0608
Pop
  MISS, 0717 0510 0506 2222 0809 1525 0709 0216 0405 1215 0205 0507 0309
  MISS, 0713 0812 0910 1415 0509 1227 0613 2129 0409 1216 0708 0608 0113
  MISS, 0910 0207 0610 0428 0811 2930 0107 1819 0308 1212 0708 0910 0507
  MISS, 0105 0209 0924 0922 0909 2334 0808 0316 0308 1212 0808 0708 0205
  MISS, 0204 0509 0610 1617 0610 1516 1011 1819 0308 1212 0607 1116 0505
  MISS, 0717 0815 0810 0914 0611 1532 1112 3342 0304 1214 0910 0713 0405
  MISS, 0110 0508 0623 0516 0809 2229 0707 2343 0404 0917 0607 0710 0508
  MISS, 0210 0808 0910 0813 0609 2727 0708 1833 0404 1515 0710 0509 0311
  MISS, 0710 0212 0909 0528 0808 0531 0710 3340 0407 1010 0809 0707 0210
  MISS, 0714 0408 0609 1020 0914 0719 0707 1842 0408 0917 0808 0607 0709
  MISS, 0914 0909 0911 1321 0606 2931 1218 1830 0304 1013 0809 0813 0607
  MISS, 0708 0921 0310 0921 0708 1617 0710 2533 0404 0813 0609 0708 0507
  MISS, 0310 0909 0510 1124 0608 0722 0310 2130 0404 0606 0809 0808 0109
  MISS, 0616 0209 0509 1316 0910 1417 0911 0808 0308 0912 0708 0709 0405
  MISS, 1016 0202 0526 0717 0710 1617 0712 2325 0109 0513 0815 0610 0606
  MISS, 0607 0202 1010 0820 0809 1218 0717 1927 0104 1012 0608 0909 0313
  MISS, 0813 0812 1010 1315 0809 1617 0607 0633 0308 0510 0612 0712 0104
  MISS, 0610 0505 1010 0613 0809 1432 0309 3939 0308 0913 0709 0909 0512
  MISS, 1215 0509 0610 1021 0609 2224 0000 0518 0404 0611 0708 0407 0205
  MISS, 0616 0505 1022 1328 0810 1627 0611 1818 0404 0606 0808 0607 0412
  MISS, 0608 0808 1024 1521 0808 2129 0709 2942 0408 0505 0708 0609 0511
  MISS, 0619 0223 0915 0821 0710 2627 0607 0808 0303 1516 0408 0909 0505
  MISS, 0000 0000 0000 0000 1111 2222 0000 0000 0000 0000 0000 0000 0000
  MISS, 0616 0202 0609 0822 0708 1222 0708 3939 0408 1012 0810 0709 0404
  MISS, 0816 0510 0910 1422 0809 1119 0308 2342 0303 0915 0707 0409 0210
  MISS, 0212 0205 0825 0916 1010 1919 0707 1931 0303 1011 0810 0510 0507
  MISS, 1216 0912 0627 1414 0510 1924 0709 2936 0407 0912 0708 0609 0306
  MISS, 0808 0219 1315 1515 0809 1527 0707 1940 0303 1115 0710 0707 1011
  MISS, 0710 0508 0405 1114 0609 1429 1111 0240 0305 0615 0709 0711 0513
  MISS, 0713 0810 1010 1415 0410 1624 0711 0534 0308 0912 0709 0306 0304
  MISS, 1010 0512 0808 2025 0909 1729 0607 1821 0308 1012 0810 0709 0910
  MISS, 0216 0909 1124 1317 0711 2627 0606 3343 0304 1012 0507 0708 0412
  MISS, 1015 0708 0810 0616 1011 1127 0707 3033 0303 1215 0809 0607 0304
  MISS, 0707 0000 0923 0000 0000 0000 0000 0000 0000 0000 0000 0000 0000
  MISS, 1418 0505 0809 0615 0911 1214 0306 1443 0104 0609 0608 0809 0510
  MISS, 1314 0216 1014 0812 0916 1619 0711 2342 0308 0911 0709 0507 0506
  MISS, 0817 0508 1319 1522 0811 1427 0307 2933 0409 1212 0709 0910 0207
  MISS, 1012 0808 1010 0821 0817 1624 0000 1721 0109 1116 0710 0709 0309
  MISS, 0708 0910 1010 1216 0813 1415 0612 2740 0408 1012 0709 0707 0506
  MISS, 0210 0208 0510 1216 0810 1529 0711 0333 0303 1015 0709 0609 0812
  MISS, 1316 0518 1027 1421 0306 2727 0707 1942 0101 0613 0607 0809 0308
  MISS, 0213 0825 0910 0615 0609 1717 0712 1919 0404 0511 0808 0710 0811
  MISS, 0610 0505 0405 1014 0609 1633 0711 3333 0308 1112 0610 0609 0506
  MISS, 0210 0210 0529 0714 0809 1522 0303 3339 0404 0816 0810 0709 0409
  MISS, 0000 0000 0000 0000 0711 0000 0000 3030 0000 0000 0809 0000 0507
  MISS, 0310 0808 1022 0519 0809 1717 0709 3031 0408 0615 0712 0712 0405
  MISS, 0317 0911 0609 1222 0918 1727 0312 3031 0408 1015 0109 0607 1010
  MISS, 0909 0000 0000 0000 0808 0000 0000 0000 0000 0000 0000 0000 0000
  MISS, 0312 0000 0000 0000 0611 0000 0000 0000 0000 0000 0000 0000 0000
  MISS, 0507 0207 0810 1519 0715 1631 0606 0308 0407 1010 0607 0812 0106
  MISS, 0211 0507 1011 1213 0710 2632 0711 3031 0808 1013 0707 0407 0111
Pop
  TIPP, 0715 0211 0509 1320 1114 1221 0813 0740 0303 0913 0309 0711 1111
  TIPP, 0215 0409 1631 2430 0813 0812 0508 1825 0303 0913 1012 0304 0608
  TIPP, 1015 0610 0909 1619 0708 1121 0810 2543 0103 1219 0810 0607 0205
  TIPP, 0809 1011 0910 1223 0308 0511 0808 1927 0303 0613 0305 0209 1011
  TIPP, 0808 0814 0909 1213 0711 1420 0713 2329 0303 0611 0808 0608 0213
  TIPP, 0811 0408 1318 0816 0309 0506 0311 0944 0303 1010 0814 0507 0209
  TIPP, 0715 0508 1030 0812 0509 0411 0810 0919 0303 1215 0708 0508 0203
  TIPP, 1213 0510 0510 0511 0911 0921 1112 1218 0303 0404 0408 0707 0810
  TIPP, 1921 0000 0000 0000 0611 0000 0000 0000 0202 0611 0808 0709 0000
  TIPP, 0716 0609 0920 0222 0711 1122 1111 3440 0303 0306 0708 0304 0308
  TIPP, 1011 0920 1126 0715 0810 1128 0809 1623 0303 1314 0708 0405 0207
  TIPP, 0812 0212 1721 1217 0709 0809 0711 2140 0307 1018 0408 0309 0610
  TIPP, 1316 1313 1731 1115 0815 1012 0812 0919 0303 0608 0914 0606 0507
  TIPP, 0711 1013 0909 1824 0809 1926 0914 1823 0303 0909 0709 0307 0608
  TIPP, 0711 0913 0510 0715 0710 1623 1011 1434 0303 0611 0910 0305 0606
  TIPP, 0711 0909 0917 0324 0713 1121 0812 0939 0103 0909 0812 0407 0811
  TIPP, 0507 0209 0511 1315 0709 0408 0912 1725 0309 1314 0508 0607 0410
  TIPP, 0507 0615 1032 1415 0711 0509 0814 2136 0303 1214 0509 0708 0203
  TIPP, 0612 0617 0910 1924 0709 1128 1315 0414 0303 1016 0607 0808 0607
Pop
    TN, 0712 0909 0912 0522 0609 1723 1013 2729 0202 1517 0406 0711 0710
    TN, 0510 0410 1011 2025 0915 2020 0813 2140 0203 0910 0608 0710 0215
    TN, 1111 0716 1010 0117 0710 0715 1112 2534 0202 1415 0709 0710 0915
    TN, 0507 0304 1012 0814 0610 0716 1011 1721 0202 0212 0310 0709 0208
    TN, 1012 0909 0912 0820 0914 1516 0708 1830 0202 1215 0808 0509 0409
    TN, 0606 0508 1010 0827 0212 1214 1214 2330 0202 1617 0606 0409 0106
    TN, 0313 0514 0911 0724 0607 1112 0609 3031 0202 0914 0405 0511 0210
    TN, 0310 0917 1015 0313 0708 0922 0917 2136 0202 1217 0307 0809 0202
Pop
   WIS, 1215 0521 2224 1116 0910 1629 0708 1919 0409 0912 0810 0607 0310
   WIS, 1119 0000 0825 1022 0808 1929 1212 2837 0308 0610 0710 0812 0204
   WIS, 1011 0509 0510 1215 0909 1619 0711 2428 0608 1011 0812 1113 1111
   WIS, 0207 0508 0910 1113 0910 0306 0716 1013 0408 0206 0708 0712 0407
   WIS, 1112 0309 0409 0822 0909 1624 0711 2432 0808 1012 0607 0713 0204
   WIS, 0809 0208 0609 2121 0909 1617 0811 3043 0308 1111 0909 0713 0307
   WIS, 1117 0511 0626 0723 0710 1516 0713 3139 0308 0610 0309 0308 0303
   WIS, 1418 0708 2426 0914 0610 2229 0711 3347 0408 1212 0608 0712 0508
   WIS, 0708 0509 1010 1617 0909 2231 0611 0331 0808 1315 0608 0513 0609
   WIS, 0711 0510 1010 1313 0909 1630 0709 2438 0104 1112 0208 0910 0511
   WIS, 1111 0510 1010 1515 0810 1729 0508 2637 0304 0612 0708 0709 0507
   WIS, 0911 0207 0609 0616 0808 1516 0307 2224 0406 1212 0809 0608 0711
   WIS, 0417 0808 1010 0614 0708 1616 0711 2424 0304 0914 0809 1212 0810
   WIS, 1112 0205 1024 1623 0607 1516 0912 2224 0307 1116 0710 0910 0409
   WIS, 0216 0404 0525 1429 0808 1417 0707 2026 0101 1011 0708 1414 0305
   WIS, 0917 0517 0910 1321 0709 0727 0611 1535 0308 1012 0812 0412 0409
   WIS, 1010 0205 0000 0611 0909 1529 0712 2237 0308 1314 0808 1112 0410
